name;data1;data2
a;10;4
b;14;4
c;22;8
d;32;10
e;39;7
f;44;5
g;53;9
h;61;8
i;63;2
j;69;6
k;74;5
l;81;7
m;90;9
n;96;6
o;103;7
p;109;6
r;112;3
s;120;8
t;125;5
u;130;5
v;134;4
y;142;8
z;148;6